# Sparse Matrix (Morse)  
# first line: n m (is symmetic) nbcoef 
# after for each nonzero coefficient:   i j a_ij where (i,j) \in  {1,...,n}x{1,...,m} 
306 306 0  2128
      131       131 0.029160279042136381944
      131       132 0.00041435614557796559112
      131       139 -0.00036480082908202176271
      131       140 -0.00045422107890972162562
      131       143 -1.6889123373115245378e-05
      131       144 7.0507904955551143082e-06
      131       155 -0.023178005760751924785
      131       156 -0.00044220659029841420835
      131       157 -0.0055918042749085539525
      131       158 0.0004750207331346147999
      132       131 0.00041435614557796559112
      132       132 0.015423313423785674214
      132       139 0.00014338520507335949508
      132       140 -0.0010625807329891479285
      132       143 -4.0178808595418758398e-05
      132       144 -5.8996301933246582025e-05
      132       155 -0.014574122257624624877
      132       156 -0.01236237898414703669
      132       157 0.014056559715568708174
      132       158 -0.0019305783506955173992
      133       133 0.03332329099198527711
      133       134 0.00057156410672653027404
      133       137 -5.2182025564999610131e-06
      133       138 3.9349305072827243818e-06
      133       141 -0.00057942949632405424138
      133       142 -0.0006688719928918071024
      133       153 -0.021314587728830308028
      133       154 -0.00064530526596126049077
      133       159 -0.011411990206604992124
      133       160 0.00073867822161925397219
      134       133 0.00057156410672653027404
      134       134 0.018211081510480699869
      134       137 -8.9149682228426990082e-06
      134       138 -1.9682377355354001248e-05
      134       141 0.00054156046219834628585
      134       142 -0.0020729632614230400489
      134       153 -0.017927951845413781645
      134       154 -0.012341941642337503002
      134       159 0.016823742244711756971
      134       160 -0.0037644288716953801591
      137       133 -5.2182025564999610131e-06
      137       134 -8.9149682228426990082e-06
      137       137 0.0028553320695981414083
      137       138 9.0909041223939456933e-06
      137       151 -0.0028576294244483575226
      137       152 -1.3061966869404691627e-05
      137       153 7.6232408937620367101e-06
      137       154 1.2886030969853446635e-05
      138       133 3.9349305072827243818e-06
      138       134 -1.9682377355354001248e-05
      138       137 9.0909041223939456933e-06
      138       138 0.0014450764449706117887
      138       151 -0.0018136099443801880805
      138       152 -0.0014538166882612864241
      138       153 0.0018005841097505112351
      138       154 2.8530304133074999571e-05
      139       131 -0.00036480082908202176271
      139       132 0.00014338520507335949508
      139       139 0.007142571357927287104
      139       140 -0.00020729517817166887906
      139       145 -0.0019118706458643873383
      139       146 0.00016273095645798682225
      139       157 -0.0048642472508246808321
      139       158 -9.8820983359677194323e-05
      140       131 -0.00045422107890972162562
      140       132 -0.0010625807329891479285
      140       139 -0.00020729517817166887906
      140       140 0.0048438064085916448728
      140       145 0.0025495004892880533329
      140       146 -0.0019548437029800395763
      140       157 -0.0018879842322066617711
      140       158 -0.0018247293404662606308
      141       133 -0.00057942949632405424138
      141       134 0.00054156046219834628585
      141       141 0.039831944333214297504
      141       142 -0.00073090855065162743404
      141       147 -0.014519966985430624723
      141       148 0.00055642464148909309783
      141       159 -0.024721120612347536466
      141       160 -0.00036707655303581119069
      142       133 -0.0006688719928918071024
      142       134 -0.0020729632614230400489
      142       141 -0.00073090855065162743404
      142       142 0.0223229365871940727
      142       147 0.014598566602716864585
      142       148 -0.0090912329071871113284
      142       159 -0.013198786059173425386
      142       160 -0.011147313179471844344
      143       131 -1.6889123373115245378e-05
      143       132 -4.0178808595418758398e-05
      143       143 0.26197132929447486394
      143       144 -0.001164254243926270008
      143       147 0.004995685918206416859
      143       148 0.0023725718952676017742
      143       155 -0.037402709703020481369
      143       156 0.0025140750206066441591
      143       161 -0.22927251085711730649
      143       162 -0.0036822138633525527962
      144       131 7.0507904955551143082e-06
      144       132 -5.8996301933246582025e-05
      144       143 -0.001164254243926270008
      144       144 0.14135546044290894785
      144       147 -0.052178873215478829839
      144       148 -0.017657562070364712231
      144       155 0.066433407827919815913
      144       156 -0.039648572333010369262
      144       161 -0.01309733115901026354
      144       162 -0.083715424208430103126
      145       139 -0.0019118706458643873383
      145       140 0.0025495004892880533329
      145       145 1.0428925521835172852
      145       146 0.015353179773012875717
      145       149 -0.12179925985122815046
      145       150 -0.012982483945239904968
      145       157 -0.17152658586622504533
      145       158 -0.013419819138915923401
      145       163 -0.74428607644740951699
      145       164 0.0084996228218549591676
      146       139 0.00016273095645798682225
      146       140 -0.0019548437029800395763
      146       145 0.015353179773012875717
      146       146 0.84853645090662999095
      146       149 0.18018513702403562982
      146       150 -0.289909685282955909
      146       157 -0.21465982838889763329
      146       158 -0.29016793875923579948
      146       163 0.018958780635391230679
      146       164 -0.26313522378866932572
      147       141 -0.014519966985430624723
      147       142 0.014598566602716864585
      147       143 0.004995685918206416859
      147       144 -0.052178873215478829839
      147       147 1.2169370408614519352
      147       148 -0.01509622050509172933
      147       159 -0.078917976944345061274
      147       160 0.12080387466675840402
      147       161 -0.17414077931495597351
      147       162 -0.028235260395521225019
      147       167 -0.44317624606584099523
      147       168 -0.24348618112708844685
      147       177 -0.5026079228454776171
      147       178 0.2035940939737051758
      148       141 0.00055642464148909309783
      148       142 -0.0090912329071871113284
      148       143 0.0023725718952676017742
      148       144 -0.017657562070364712231
      148       147 -0.01509622050509172933
      148       148 1.2759667172768920373
      148       159 -0.1134348510842995289
      148       160 -0.38236906525425878867
      148       161 0.16661155921109238598
      148       162 -0.49731436833241787765
      148       167 -0.24505809310773804532
      148       168 -0.21480699071155701096
      148       177 0.20404860894928061876
      148       178 -0.14615766337749935833
      149       145 -0.12179925985122815046
      149       146 0.18018513702403562982
      149       149 0.67446329527044368568
      149       150 0.072567784642754123992
      149       163 -0.13809123872886513995
      149       164 -0.19698723341070858983
      149       169 -0.41019969911090686798
      149       170 -0.055765688256081219487
      150       145 -0.012982483945239904968
      150       146 -0.289909685282955909
      150       149 0.072567784642754123992
      150       150 0.65532714887309384544
      150       163 -0.25381961244140360812
      150       164 -0.22717871572061074104
      150       169 0.19423431174388955389
      150       170 -0.13386565029008387628
      151       137 -0.0028576294244483575226
      151       138 -0.0018136099443801880805
      151       151 0.71295910429510356288
      151       152 -0.24637278011123053822
      151       153 -0.31636763152090485729
      151       171 -0.39166456554984951932
      151       172 0.2481863900556107172
      152       137 -1.3061966869404691627e-05
      152       138 -0.0014538166882612864241
      152       151 -0.24637278011123053822
      152       152 0.82893156331901340916
      152       153 0.2481994520224823364
      152       154 -0.63325625504116578313
      152       171 -0.0018136099443823488955
      152       172 -0.19215221378968505572
      153       133 -0.021314587728830308028
      153       134 -0.017927951845413781645
      153       137 7.6232408937620367101e-06
      153       138 0.0018005841097505112351
      153       151 -0.31636763152090485729
      153       152 0.2481994520224823364
      153       153 1.3537981552064526358
      153       154 -0.1322194336101636114
      153       159 -0.15139268655907681116
      153       160 -0.08549872448758023824
      153       171 -0.18734505090733588606
      153       172 -0.25158399244864704247
      153       173 -0.6696101631869016968
      153       174 0.23723006625957226978
      154       133 -0.00064530526596126049077
      154       134 -0.012341941642337503002
      154       137 1.2886030969853446635e-05
      154       138 2.8530304133074999571e-05
      154       152 -0.63325625504116578313
      154       153 -0.1322194336101636114
      154       154 1.5473442725536772357
      154       159 0.14720577903423662236
      154       160 -0.48590049329426737712
      154       171 -0.25158396946837080499
      154       172 -0.10305663471538682729
      154       173 0.23723004327928948198
      154       174 -0.30504181962035636921
      155       131 -0.023178005760751924785
      155       132 -0.014574122257624624877
      155       143 -0.037402709703020481369
      155       144 0.066433407827919815913
      155       155 1.3026368915923229874
      155       156 -0.062003564777827487042
      155       157 -0.084304437877544491364
      155       158 -0.095684908782246724801
      155       161 -0.1346798252653273742
      155       162 0.055583564276254895931
      155       165 -0.61527189050919928182
      155       166 0.25934520687661638538
      155       179 -0.39921080103980188802
      155       180 -0.2090995831630922952
      156       131 -0.00044220659029841420835
      156       132 -0.01236237898414703669
      156       143 0.0025140750206066441591
      156       144 -0.039648572333010369262
      156       155 -0.062003564777827487042
      156       156 1.368028056995788555
      156       157 0.14013594595136841248
      156       158 -0.38520032657646846586
      156       161 -0.13044987331733257085
      156       162 -0.49422089795503693077
      156       165 0.25934520687658740856
      156       166 -0.34371651172934769569
      156       179 -0.20909958316310386928
      156       180 -0.084290147981099378116
      157       131 -0.0055918042749085539525
      157       132 0.014056559715568708174
      157       139 -0.0048642472508246808321
      157       140 -0.0018879842322066617711
      157       145 -0.17152658586622504533
      157       146 -0.21465982838889763329
      157       155 -0.084304437877544491364
      157       156 0.14013594595136841248
      157       157 1.437738348452098025
      157       158 0.074838613262001696391
      157       163 0.058027463175956230101
      157       164 0.17557300698985633947
      157       165 -0.42752112167005257293
      157       166 -0.26035981734574686897
      157       175 -0.79159698716095960869
      157       176 0.072303504048056119191
      158       131 0.0004750207331346147999
      158       132 -0.0019305783506955173992
      158       139 -9.8820983359677194323e-05
      158       140 -0.0018247293404662606308
      158       145 -0.013419819138915923401
      158       146 -0.29016793875923579948
      158       155 -0.095684908782246724801
      158       156 -0.38520032657646846586
      158       157 0.074838613262001696391
      158       158 1.3913389414288197532
      158       163 0.22194622820702905597
      158       164 -0.15722027535482790972
      158       165 -0.26035981734571195245
      158       166 -0.25513108790390187641
      158       175 0.072303504048069233701
      158       176 -0.28950337761567818129
      159       133 -0.011411990206604992124
      159       134 0.016823742244711756971
      159       141 -0.024721120612347536466
      159       142 -0.013198786059173425386
      159       147 -0.078917976944345061274
      159       148 -0.1134348510842995289
      159       153 -0.15139268655907681116
      159       154 0.14720577903423662236
      159       159 1.387848704357242946
      159       160 -0.049491627378117436509
      159       167 -0.65191271313773169194
      159       168 0.2648683444551829802
      159       173 -0.46089536494458499538
      159       174 -0.25277260121254085945
      160       133 0.00073867822161925397219
      160       134 -0.0037644288716953801591
      160       141 -0.00036707655303581119069
      160       142 -0.011147313179471844344
      160       147 0.12080387466675840402
      160       148 -0.38236906525425878867
      160       153 -0.08549872448758023824
      160       154 -0.48590049329426737712
      160       159 -0.049491627378117436509
      160       160 1.5039363821176290337
      160       167 0.26658747674289001717
      160       168 -0.36670022480057845593
      160       173 -0.25277260121253380953
      160       174 -0.24545800476480730823
      161       143 -0.22927251085711730649
      161       144 -0.01309733115901026354
      161       147 -0.17414077931495597351
      161       148 0.16661155921109238598
      161       155 -0.1346798252653273742
      161       156 -0.13044987331733257085
      161       161 1.7680712040012220854
      161       162 -0.01432275051887609181
      161       177 -0.58189078806450189596
      161       178 -0.2807756889257638222
      161       179 -0.63868209056081670649
      161       180 0.27203408470989054457
      162       143 -0.0036822138633525527962
      162       144 -0.083715424208430103126
      162       147 -0.028235260395521225019
      162       148 -0.49731436833241787765
      162       155 0.055583564276254895931
      162       156 -0.49422089795503693077
      162       161 -0.01432275051887609181
      162       162 1.8883069082290295793
      162       177 -0.28137742420840022861
      162       178 -0.40908931775109480533
      162       179 0.27203408470989504098
      162       180 -0.39456169004354912921
      163       145 -0.74428607644740951699
      163       146 0.018958780635391230679
      163       149 -0.13809123872886513995
      163       150 -0.25381961244140360812
      163       157 0.058027463175956230101
      163       158 0.22194622820702905597
      163       163 2.6256437978791375976
      163       164 0.030127138671988379359
      163       169 -0.51101704578927986677
      163       170 0.27255245746825279562
      163       175 -0.6365055843724763962
      163       176 -0.28927452466604697268
      163       183 -0.63851682095465733813
      163       184 -0.00049046787521020418759
      164       145 0.0084996228218549591676
      164       146 -0.26313522378866932572
      164       149 -0.19698723341070858983
      164       150 -0.22717871572061074104
      164       157 0.17557300698985633947
      164       158 -0.15722027535482790972
      164       163 0.030127138671988379359
      164       164 2.7916949351397093437
      164       169 0.27255245746824724451
      164       170 -0.94999665627046858685
      164       175 -0.2892745246660630154
      164       176 -1.0278754448936824328
      164       183 -0.00049046787517525341268
      164       184 -0.15103412434904958661
      165       155 -0.61527189050919928182
      165       156 0.25934520687658740856
      165       157 -0.42752112167005257293
      165       158 -0.26035981734571195245
      165       165 2.5217028236819554188
      165       166 -0.05363821410223754832
      165       175 -0.20927187675696601321
      165       176 0.023652077871426629291
      165       179 -0.31711659495610894366
      165       180 -0.033069009415280792297
      165       181 -0.45370936026644587136
      165       182 0.26287536247934079059
      165       197 -0.48389250925366911193
      165       198 -0.19880560636412408781
      166       155 0.25934520687661638538
      166       156 -0.34371651172934769569
      166       157 -0.26035981734574686897
      166       158 -0.25513108790390187641
      166       165 -0.05363821410223754832
      166       166 2.7944795344589885566
      166       175 0.023652077871413913768
      166       176 -0.79488625579488025874
      166       179 -0.033069009415275220365
      166       180 -0.96931242151976670929
      166       181 0.26287536247936976741
      166       182 -0.29466144178594838587
      166       197 -0.1988056063641404636
      166       198 -0.12185234545562327602
      167       147 -0.44317624606584099523
      167       148 -0.24505809310773804532
      167       159 -0.65191271313773169194
      167       160 0.26658747674289001717
      167       167 2.5584229348898164247
      167       168 -0.038546385981596348325
      167       173 -0.15905906311288978139
      167       174 -0.0050119104671136564116
      167       177 -0.25434025270356247495
      167       178 0.030059353882227919652
      167       185 -0.55532354339495004769
      167       186 -0.24841991761632065128
      167       193 -0.47827983354548980754
      167       194 0.24038947654765077666
      168       147 -0.24348618112708844685
      168       148 -0.21480699071155701096
      168       159 0.2648683444551829802
      168       160 -0.36670022480057845593
      168       167 -0.038546385981596348325
      168       168 2.6995113134897579243
      168       173 -0.005011910467126094379
      168       174 -0.74098294682448673232
      168       177 0.030206574189294156663
      168       178 -0.8760105745948469913
      168       185 -0.24841991761631496138
      168       186 -0.27405470492363054325
      168       193 0.24038947654764861173
      168       194 -0.21062458870530068045
      169       149 -0.41019969911090686798
      169       150 0.19423431174388955389
      169       163 -0.51101704578927986677
      169       164 0.27255245746824724451
      169       169 1.4538924278300748849
      169       170 -0.20750628947930424562
      169       183 -0.028629493228552412021
      169       184 -0.24465684104564075496
      169       187 -0.49616322900160092502
      169       188 -0.014623638687191822111
      170       149 -0.055765688256081219487
      170       150 -0.13386565029008387628
      170       163 0.27255245746825279562
      170       164 -0.94999665627046858685
      170       169 -0.20750628947930424562
      170       170 1.4437301044118038273
      170       183 -0.24465684104565971202
      170       184 -0.12447026560107356252
      170       187 0.23537636131279240925
      170       188 -0.22751457155044294001
      171       151 -0.39166456554984951932
      171       152 -0.0018136099443823488955
      171       153 -0.18734505090733588606
      171       154 -0.25158396946837080499
      171       171 1.3426492074501159557
      171       172 0.004375642082663678753
      171       173 -0.18122489105997477421
      171       174 0.0030019953812203742025
      171       189 -0.39509043020545336899
      171       190 -0.0023624593328469326546
      171       191 -0.17720196634751325671
      171       192 0.24838240128171601429
      172       151 0.2481863900556107172
      172       152 -0.19215221378968505572
      172       153 -0.25158399244864704247
      172       154 -0.10305663471538682729
      172       171 0.004375642082663678753
      172       172 1.3239061231213347103
      172       173 0.0030020183615061648078
      172       174 -0.73975919804839496141
      172       189 -0.25236245933283246723
      172       190 -0.20184580746023195186
      172       191 0.24838240128169891685
      172       192 -0.076969965727645514586
      173       153 -0.6696101631869016968
      173       154 0.23723004327928948198
      173       159 -0.46089536494458499538
      173       160 -0.25277260121253380953
      173       167 -0.15905906311288978139
      173       168 -0.005011910467126094379
      173       171 -0.18122489105997477421
      173       172 0.0030020183615061648078
      173       173 2.6304099540598913087
      173       174 0.014750136204245624383
      173       185 -0.44510450863122485998
      173       186 0.25412943012945382604
      173       191 -0.69805648463536029702
      173       192 -0.25132711629483567295
      174       153 0.23723006625957226978
      174       154 -0.30504181962035636921
      174       159 -0.25277260121254085945
      174       160 -0.24545800476480730823
      174       167 -0.0050119104671136564116
      174       168 -0.74098294682448673232
      174       171 0.0030019953812203742025
      174       172 -0.73975919804839496141
      174       173 0.014750136204245624383
      174       174 2.6332333223259194455
      174       185 0.25412943012945282684
      174       186 -0.23571535314193142741
      174       191 -0.25132711629483667215
      174       192 -0.3498165214369883258
      175       157 -0.79159698716095960869
      175       158 0.072303504048069233701
      175       163 -0.6365055843724763962
      175       164 -0.2892745246660630154
      175       165 -0.20927187675696601321
      175       166 0.023652077871413913768
      175       175 2.8149719144985212438
      175       176 0.22593795496163923686
      175       181 -0.83125584387052675606
      175       182 -0.28079194555918934872
      175       183 -0.33450850023723793791
      175       184 0.24817293334413004224
      176       157 0.072303504048056119191
      176       158 -0.28950337761567818129
      176       163 -0.28927452466604697268
      176       164 -1.0278754448936824328
      176       165 0.023652077871426629291
      176       166 -0.79488625579488025874
      176       175 0.22593795496163923686
      176       176 2.8618155351797995856
      176       181 -0.28079194555921765941
      176       182 -0.47673278536228314017
      176       183 0.24817293334414328165
      176       184 -0.26098454941291704401
      177       147 -0.5026079228454776171
      177       148 0.20404860894928061876
      177       161 -0.58189078806450189596
      177       162 -0.28137742420840022861
      177       167 -0.25434025270356247495
      177       168 0.030206574189294156663
      177       177 2.5638815623408803823
      177       178 0.058965398192751025674
      177       179 -0.12657975377853947219
      177       180 0.0061891309876839547405
      177       193 -0.57094312337865282814
      177       194 -0.26112635276233442383
      177       195 -0.51198204079420051027
      177       196 0.24309406465172447853
      178       147 0.2035940939737051758
      178       148 -0.14615766337749935833
      178       161 -0.2807756889257638222
      178       162 -0.40908931775109480533
      178       167 0.030059353882227919652
      178       168 -0.8760105745948469913
      178       177 0.058965398192751025674
      178       178 2.6970667034134665485
      178       179 0.00618913098769132905
      178       180 -0.69760011869836568987
      178       193 -0.26112635276233420178
      178       194 -0.31668241098621252583
      178       195 0.24309406465172248013
      178       196 -0.23598893722949695895
      179       155 -0.39921080103980188802
      179       156 -0.20909958316310386928
      179       161 -0.63868209056081670649
      179       162 0.27203408470989504098
      179       165 -0.31711659495610894366
      179       166 -0.033069009415275220365
      179       177 -0.12657975377853947219
      179       178 0.00618913098769132905
      179       179 2.567039314427846719
      179       180 -0.031166912773492094768
      179       195 -0.60729941268315301706
      179       196 -0.26055078345128024342
      179       197 -0.46272560310686533525
      179       198 0.25566307310556479759
      180       155 -0.2090995831630922952
      180       156 -0.084290147981099378116
      180       161 0.27203408470989054457
      180       162 -0.39456169004354912921
      180       165 -0.033069009415280792297
      180       166 -0.96931242151976670929
      180       177 0.0061891309876839547405
      180       178 -0.69760011869836568987
      180       179 -0.031166912773492094768
      180       180 2.7566502018461158663
      180       195 -0.26055078345126625461
      180       196 -0.33030252866636633513
      180       197 0.2556630731055573591
      180       198 -0.26515823663440862834
      181       165 -0.45370936026644587136
      181       166 0.26287536247936976741
      181       175 -0.83125584387052675606
      181       176 -0.28079194555921765941
      181       181 2.9725850125620381093
      181       182 0.12152379402970608924
      181       183 -0.11696144539803873807
      181       184 0.047813113147465842456
      181       197 -0.43226701891799468314
      181       198 -0.20560063486965640678
      181       199 -1.1266212511886894987
      181       200 0.054180310772332325453
      182       165 0.26287536247934079059
      182       166 -0.29466144178594838587
      182       175 -0.28079194555918934872
      182       176 -0.47673278536228314017
      182       181 0.12152379402970608924
      182       182 2.6880313634213028884
      182       183 0.047813113147449376461
      182       184 -0.6131372643597897687
      182       197 -0.20560063486963478518
      182       198 -0.81781916032526946747
      182       199 0.054180310772327919255
      182       200 -0.47391061866766986954
      183       163 -0.63851682095465733813
      183       164 -0.00049046787517525341268
      183       169 -0.028629493228552412021
      183       170 -0.24465684104565971202
      183       175 -0.33450850023723793791
      183       176 0.24817293334414328165
      183       181 -0.11696144539803873807
      183       182 0.047813113147449376461
      183       183 2.6466136688735018012
      183       184 0.020173139598458698918
      183       187 -0.48856207321734268501
      183       188 -2.9697009859086607314e-14
      183       199 -0.24479622290663197171
      183       200 -0.25488633972894636504
      183       205 -0.00056060896521679416931
      183       206 0.25004433792505920131
      183       213 -0.77303694847101933618
      183       214 -0.066169875365299501979
      184       163 -0.00049046787521020418759
      184       164 -0.15103412434904958661
      184       169 -0.24465684104564075496
      184       170 -0.12447026560107356252
      184       175 0.24817293334413004224
      184       176 -0.26098454941291704401
      184       181 0.047813113147465842456
      184       182 -0.6131372643597897687
      184       183 0.020173139598458698918
      184       184 2.7145659663705581366
      184       188 -0.97845309845284900163
      184       199 -0.25488633972894358948
      184       200 -0.30207188911552634858
      184       205 0.25004433792503732992
      184       206 -0.00028451101437057660154
      184       213 -0.0661698753652977395
      184       214 -0.26308870857018062939
      185       167 -0.55532354339495004769
      185       168 -0.24841991761631496138
      185       173 -0.44510450863122485998
      185       174 0.25412943012945282684
      185       185 2.5172997294240806454
      185       186 -0.007948083844194793815
      185       191 -0.27383986088873657483
      185       192 -0.0033289247026610149088
      185       193 -0.24523584207216544972
      185       194 0.0094851744398238482109
      185       201 -0.42049560350283798904
      185       202 -0.25010599634404934166
      185       209 -0.56149227130290291221
      185       210 0.24618831793794335172
      186       167 -0.24841991761632065128
      186       168 -0.27405470492363054325
      186       173 0.25412943012945382604
      186       174 -0.23571535314193142741
      186       185 -0.007948083844194793815
      186       186 2.7706688298793800129
      186       191 -0.0033289247026536471045
      186       192 -0.89846757459942327984
      186       193 0.0094851744398198913066
      186       194 -0.86744495577749702875
      186       201 -0.25010599634404401259
      186       202 -0.2090974478132018588
      186       209 0.24618831793793877205
      186       210 -0.27008069399244094555
      187       169 -0.49616322900160092502
      187       170 0.23537636131279240925
      187       183 -0.48856207321734268501
      187       187 1.5148602966898254696
      187       188 0.02924727737441527517
      187       205 -0.52481918639823166295
      187       206 -0.26462363868720756299
      188       169 -0.014623638687191822111
      188       170 -0.22751457155044294001
      188       183 -2.9697009859086607314e-14
      188       184 -0.97845309845284900163
      188       187 0.02924727737441527517
      188       188 1.4961099644195554603
      188       205 -0.014623638687193558569
      188       206 -0.2848264863436127392
      189       171 -0.39509043020545336899
      189       172 -0.25236245933283246723
      189       189 1.4240683595366356862
      189       190 0.004724918665683964375
      189       191 -0.6358163106747969362
      189       207 -0.38907240890520827792
      189       208 0.24763754066714857571
      190       171 -0.0023624593328469326546
      190       172 -0.20184580746023195186
      190       189 0.004724918665683964375
      190       190 1.6683997058585160467
      190       191 9.9156793886834293517e-15
      190       192 -1.2726549237873887588
      190       207 -0.0023624593328470237276
      190       208 -0.1898097648597178444
      191       171 -0.17720196634751325671
      191       172 0.24838240128169891685
      191       173 -0.69805648463536029702
      191       174 -0.25132711629483667215
      191       185 -0.27383986088873657483
      191       186 -0.0033289247026536471045
      191       189 -0.6358163106747969362
      191       190 9.9156793886834293517e-15
      191       191 2.6950841647634335985
      191       192 0.001507661597095871428
      191       201 -0.70413755596918559121
      191       202 0.253895044758377042
      191       207 -0.19100301485714862859
      191       208 -0.24912906663969119903
      192       171 0.24838240128171601429
      192       172 -0.076969965727645514586
      192       173 -0.25132711629483567295
      192       174 -0.3498165214369883258
      192       185 -0.0033289247026610149088
      192       186 -0.89846757459942327984
      192       190 -1.2726549237873887588
      192       191 0.001507661597095871428
      192       192 3.0689814269052613227
      192       201 0.25389504475839985709
      192       202 -0.36005475823998578377
      192       207 -0.24912906663971501331
      192       208 -0.095988711723137207232
      193       167 -0.47827983354548980754
      193       168 0.24038947654764861173
      193       177 -0.57094312337865282814
      193       178 -0.26112635276233420178
      193       185 -0.24523584207216544972
      193       186 0.0094851744398198913066
      193       193 2.5397251928452888592
      193       194 0.0070134617974105771532
      193       195 -0.18549794492244991995
      193       196 0.0060884300919561038998
      193       203 -0.56727140040429158141
      193       204 0.24846815852828690874
      193       209 -0.47666419132528020652
      193       210 -0.25031834864278801334
      194       167 0.24038947654765077666
      194       168 -0.21062458870530068045
      194       177 -0.26112635276233442383
      194       178 -0.31668241098621252583
      194       185 0.0094851744398238482109
      194       186 -0.86744495577749702875
      194       193 0.0070134617974105771532
      194       194 2.7084357853681444439
      194       195 0.006088430091954979799
      194       196 -0.77942089951027093697
      194       203 0.24846815852828479931
      194       204 -0.27940322925491878348
      194       209 -0.2503183486427903448
      194       210 -0.23902684393697964937
      195       177 -0.51198204079420051027
      195       178 0.24309406465172248013
      195       179 -0.60729941268315301706
      195       180 -0.26055078345126625461
      195       193 -0.18549794492244991995
      195       194 0.006088430091954979799
      195       195 2.5777632484469665819
      195       196 0.015119755936293298448
      195       197 -0.16182267544209899546
      195       198 0.012900429252279761033
      195       203 -0.50717753981859869938
      195       204 -0.25616606218479137658
      195       211 -0.58787532724505342507
      195       212 0.23951416570380731907
      196       177 0.24309406465172447853
      196       178 -0.23598893722949695895
      196       179 -0.26055078345128024342
      196       180 -0.33030252866636633513
      196       193 0.0060884300919561038998
      196       194 -0.77942089951027093697
      196       195 0.015119755936293298448
      196       196 2.6458184590459730146
      196       197 0.012900429252290727955
      196       198 -0.7441509000416102193
      196       203 -0.25616606218479054391
      196       204 -0.27183239235041384285
      196       211 0.23951416570380640314
      196       212 -0.26801449370640417769
      197       165 -0.48389250925366911193
      197       166 -0.1988056063641404636
      197       179 -0.46272560310686533525
      197       180 0.2556630731055573591
      197       181 -0.43226701891799468314
      197       182 -0.20560063486963478518
      197       195 -0.16182267544209899546
      197       196 0.012900429252290727955
      197       197 2.6074732270785010435
      197       198 0.094080453118135759505
      197       199 0.095671361659894565976
      197       200 0.20106508452895860417
      197       211 -0.45318983111644056683
      197       212 -0.26412101184898501005
      197       215 -0.69119265730017631633
      197       216 0.10481821307781828689
      198       165 -0.19880560636412408781
      198       166 -0.12185234545562327602
      198       179 0.25566307310556479759
      198       180 -0.26515823663440862834
      198       181 -0.20560063486965640678
      198       182 -0.81781916032526946747
      198       195 0.012900429252279761033
      198       196 -0.7441509000416102193
      198       197 0.094080453118135759505
      198       198 2.6565859006491145955
      198       199 0.2010650845289647104
      198       200 -0.19642967725210347396
      198       211 -0.26412101184896935591
      198       212 -0.28354106127905870371
      198       215 0.10481821307780470054
      198       216 -0.20958022605989332088
      199       181 -1.1266212511886894987
      199       182 0.054180310772327919255
      199       183 -0.24479622290663197171
      199       184 -0.25488633972894358948
      199       197 0.095671361659894565976
      199       198 0.2010650845289647104
      199       199 2.9129422056781462125
      199       200 0.043667892413362385806
      199       213 -0.41072459384235132651
      199       214 0.24535167997245085902
      199       215 -0.57045190843371873513
      199       216 -0.30769644508687798989
      199       217 -0.64113428249421033911
      199       218 0.018317817128715434272
      200       181 0.054180310772332325453
      200       182 -0.47391061866766986954
      200       183 -0.25488633972894636504
      200       184 -0.30207188911552634858
      200       197 0.20106508452895860417
      200       198 -0.19642967725210347396
      200       199 0.043667892413362385806
      200       200 2.7568209240329117904
      200       213 0.2453516799724666797
      200       214 -0.83900934049228093059
      200       215 -0.30769644508687871154
      200       216 -0.82743093152524016531
      200       217 0.018317817128705005114
      200       218 -0.10308315850765535637
      201       185 -0.42049560350283798904
      201       186 -0.25010599634404401259
      201       191 -0.70413755596918559121
      201       192 0.25389504475839985709
      201       201 2.6347779257716625878
      201       202 0.0045660770546375167162
      201       207 -0.1498301292756019365
      201       208 0.0014910539806785518165
      201       209 -0.21556577575960317317
      201       210 0.0049030154876437840109
      201       221 -0.71296791644696544399
      201       222 -0.25720030214527916934
      201       227 -0.41545362007671260418
      201       228 0.2424511072079641727
      202       185 -0.25010599634404934166
      202       186 -0.2090974478132018588
      202       191 0.253895044758377042
      202       192 -0.36005475823998578377
      202       201 0.0045660770546375167162
      202       202 2.6621917283454288317
      202       207 0.0014910539807096870671
      202       208 -0.69907424353838054643
      202       209 0.0049030154876495354865
      202       210 -0.82135730835908882241
      202       221 -0.25720030214529421286
      202       222 -0.37624987399642578767
      202       227 0.24245110720797014014
      202       228 -0.18003077165758279987
      203       193 -0.56727140040429158141
      203       194 0.24846815852828479931
      203       195 -0.50717753981859869938
      203       196 -0.25616606218479054391
      203       203 2.5498208799327208851
      203       204 -0.025845667340734564815
      203       209 -0.22388594377281095804
      203       210 0.0050815914687196254984
      203       211 -0.17411146241653324696
      203       212 0.01116128375931571548
      203       219 -0.54939297701345157776
      203       220 0.25567512665836650276
      203       229 -0.51210079045219891736
      203       230 -0.23837443088916182576
      204       193 0.24846815852828690874
      204       194 -0.27940322925491878348
      204       195 -0.25616606218479137658
      204       196 -0.27183239235041384285
      204       203 -0.025845667340734564815
      204       204 2.6836100928318873393
      204       209 0.005081591468717382501
      204       210 -0.83640066401022694631
      204       211 0.011161283759319245643
      204       212 -0.76325086830015942407
      204       219 0.2556751266583661697
      204       220 -0.29216272015061600653
      204       229 -0.2383744308891637409
      204       230 -0.22467945271071276814
      205       183 -0.00056060896521679416931
      205       184 0.25004433792503732992
      205       187 -0.52481918639823166295
      205       188 -0.014623638687193558569
      205       205 1.4751140531823594415
      205       206 0.038307424368347400834
      205       213 -0.44358266568746590464
      205       214 -0.042509773671642138437
      205       223 -0.44733373560240807798
      205       224 0.016318831718060068658
      205       231 -0.048243628296049362314
      205       232 -0.24753718165260929496
      206       183 0.25004433792505920131
      206       184 -0.00028451101437057660154
      206       187 -0.26462363868720756299
      206       188 -0.2848264863436127392
      206       205 0.038307424368347400834
      206       206 1.5175316580192770299
      206       213 -0.042509773671653303118
      206       214 -0.99506291925160328393
      206       223 0.26631883171805037502
      206       224 -0.25388247753916654004
      206       231 -0.24753718165259613881
      206       232 0.027098964362460960242
      207       189 -0.38907240890520827792
