%Vec Object: 4 MPI processes
%  type: mpi
Vec_0x7fa4a8728e10_1 = [
1.1544331160590069e+00
-8.5874674930741537e-02
1.2375545082178194e-01
1.1524550997024061e+00
-4.4541105455938680e-02
1.2402177388453202e-01
1.2415424720471533e+00
-3.2700209008467138e-02
5.4270502082255631e-02
8.9015695037048448e-01
-7.2574829162571811e-02
7.0764079065877061e-02
9.9956513871828523e-01
-6.0450408874312321e-02
-1.2779986153958234e-01
1.2422701420002076e+00
-3.1539499248043612e-02
-5.7923257627630634e-02
1.1540247141184881e+00
-4.2025030306445853e-02
-1.2739012552710313e-01
1.0024462986452232e+00
1.3024594823812120e-02
-6.5700303102329230e-02
1.5950698691345535e+00
-4.9388433032106112e-02
9.0203610071763737e-02
1.4675148115112220e+00
-4.9936899469775781e-02
1.2330260871869804e-01
1.4144697915340760e+00
-4.3526667759719870e-03
1.2374094186206851e-01
1.0630532101872183e+00
-7.0808948470274429e-03
-1.2721228945967641e-01
1.0919763232753961e+00
-6.8101879608752352e-04
-1.4621133474229562e-03
7.7651923242778687e-01
-3.5526286626654149e-02
3.3881061055209015e-02
7.7640582741471353e-01
3.4585493660860327e-02
-3.5130986658917070e-02
8.7545840273282338e-01
-4.5636194088591577e-02
-4.6461919759566456e-02
1.0285509257476046e+00
-6.3417611809807997e-02
2.4126921945852347e-02
9.9821200510279506e-01
-6.3209806144340602e-02
1.2432513842433542e-01
1.3358912425466267e+00
-7.8816655028741134e-02
7.2416494763336309e-02
8.8263406802091038e-01
-6.1062478570900348e-03
-1.2721125001518652e-01
1.1557895566332306e+00
-8.3341290079637156e-02
-1.2770964968829013e-01
1.1018072596433526e+00
-7.3085264722098947e-02
-3.2585712189131116e-02
1.1355767456931569e+00
3.5446207908903841e-02
-1.2679019778694417e-01
1.2344932978438621e+00
-5.5606911821146189e-03
-1.2718458212123251e-01
1.2146624280172309e+00
5.1292289720585013e-02
-5.2639026407436632e-02
1.3755709422203082e+00
1.3720818097461663e-02
-7.1432342696479328e-02
1.3948466963179504e+00
1.0724173914427745e-02
4.3299804851360688e-02
1.1907910507605208e+00
-1.2770186441320808e-01
8.1378754326512065e-02
9.0149461849565871e-01
-1.2723385142592894e-01
-5.0064962920195586e-05
7.7615985096866347e-01
4.1498670817564455e-02
-1.2673338157770006e-01
1.4673353301397964e+00
-1.2723664920691488e-01
4.4416520937022828e-02
1.5954319657415379e+00
-9.4223123712345952e-02
4.4515049137993833e-02
1.3449743438179151e+00
-5.5691331048497793e-02
-2.2105502795183433e-03
1.5951002666198348e+00
-5.5462676648234004e-02
5.1028767384260314e-02
1.3438369645675750e+00
9.3667398716442297e-03
-1.4312910973021405e-02
1.5951527997409338e+00
-3.0617638385936362e-02
-2.0880209523430962e-02
1.3044556450912381e+00
-5.3236961787539762e-02
1.2343559866712110e-01
7.9378798673935602e-01
-1.2767848476703733e-01
3.8760194447702255e-02
1.0163744515509692e+00
-1.2753498562782314e-01
5.7981909513758326e-02
1.1902798488210165e+00
8.3913396668198539e-02
-1.2627045362018785e-01
1.3100998055384683e+00
4.0412348819428054e-02
-1.2661664953413984e-01
1.3975243194133877e+00
7.5286958200358106e-02
-4.8315660579118132e-02
1.0613750341149133e+00
-1.2633594763548014e-01
-6.7311734303929879e-02
1.4622676079645140e+00
4.5365695353612123e-02
-1.2665936458186675e-01
8.9515306955399143e-01
-1.2551720879735570e-01
-8.2084324026145059e-02
1.3231119767388348e+00
-1.2726646799616934e-01
4.7257449248506174e-02
1.5948602171777535e+00
-1.4937288004911536e-03
-1.9126653112027357e-03
1.5949181792773082e+00
-1.9341239753806309e-02
3.1043682512572779e-02
9.1841303624393178e-01
7.0139032958700540e-02
-7.0104975813216036e-02
1.4650407254408204e+00
-1.2632346334077271e-01
-5.0103868816382457e-02
1.5959618735130081e+00
-9.3511117582229658e-02
-4.9949063298667905e-02
1.3986733442886743e+00
-6.2708825653825628e-02
-7.8958331806607024e-02
1.1700320842520850e+00
-1.2750277048628472e-01
3.3896937188130589e-02
1.3059205636577718e+00
-5.0788691946946317e-02
-1.2745673463261556e-01
1.2040899637338067e+00
-1.2609904602509819e-01
-8.7296142854844785e-02
1.3935130844934493e+00
-1.2668998695720080e-01
-5.3306785056217562e-04
1.5954762612604176e+00
4.6389387213552388e-02
-9.3948882685802260e-02
9.3341921110549253e-01
3.1585562882972908e-02
-1.2660139524851574e-01
1.0020192752802508e+00
6.4304220202457144e-02
-1.3692710354087295e-02
1.0227602693720290e+00
6.2879316553474812e-02
-1.2648597765721253e-01
1.3095962948501876e+00
-1.2639961432270080e-01
-5.6180412147624488e-02
1.5957623366645621e+00
-5.4379642865450460e-02
-5.5943829036115597e-02
1.4688251530289891e+00
-4.7488123855760338e-02
-1.2765176642602502e-01
1.5960914133988497e+00
-4.7821513065375874e-02
-9.4739283495421128e-02
1.4157225376332023e+00
-1.9673623307060913e-03
-1.2712856193158581e-01
1.1905119353344857e+00
-1.2677960821807052e-01
-1.9631594389084007e-02
1.0813620113577189e+00
-1.2697747203610846e-01
3.0300268977918429e-03
1.0016888070894299e+00
-1.2666336359472224e-01
-3.2002188880953061e-02
1.2953180514487732e+00
-9.3778742218271566e-02
-1.2781744632817671e-01
1.5949564094210342e+00
1.6346003319379861e-02
-3.4890653440071646e-02
1.5953166484481411e+00
-7.5951315778045092e-02
-6.0160021837335034e-05
1.5955552395983230e+00
-3.4007167944944895e-03
-7.6357526485101773e-02
9.8959948601993475e-01
-1.2774683728446701e-01
1.2354203681323582e-01
1.5956699972133768e+00
-1.2711684622155697e-01
2.2088202898886567e-02
1.5959930075311488e+00
2.4865008801929100e-02
-1.2715550752986349e-01
1.5962470530496098e+00
-2.5412494900622622e-02
-1.2763674841401659e-01
1.5950603927075406e+00
5.2456394626204252e-02
-5.4847949314891932e-02
1.5959588400140450e+00
-1.2662874888706746e-01
-2.8390469080328284e-02
9.8981574400606442e-01
-1.2507991709150570e-01
-1.2792708022555285e-01
8.6111623486459310e-01
-1.2703915016571718e-01
8.4972489664937423e-02
1.4295680010663061e+00
-1.2587058106021479e-01
-8.6718110516247573e-02
1.5953299516502037e+00
-8.5909754083637352e-02
8.1013431986362433e-02
1.5949697813487806e+00
-2.7824272973597457e-02
1.2335624762812492e-01
1.4283226427907625e+00
-8.6272557372245359e-02
1.2298133622970403e-01
1.5962729169717189e+00
-8.4276658241594957e-02
-8.6473129869226006e-02
1.4297258083775306e+00
-8.3774122566745463e-02
-1.2793293365516073e-01
1.4286322898450343e+00
-1.2754747161133301e-01
8.0902548319617268e-02
1.2939143530178281e+00
-9.6277265000632106e-02
1.2305885806980783e-01
1.5966782603993073e+00
-7.5590416035141092e-02
-1.2816818974691219e-01
1.5956625905801338e+00
-1.2761050246328343e-01
7.2351997983781197e-02
1.5953097742938225e+00
-7.8028678427325637e-02
1.2288631812818147e-01
1.5965035421085993e+00
-1.2614280808380257e-01
-7.8654751229701628e-02
1.1914114309185222e+00
-1.2542978867253007e-01
-1.2798707425518743e-01
1.5969763053584534e+00
-1.2559595902599222e-01
-1.2868310681298364e-01
1.5955645065757065e+00
-1.2806668632916632e-01
1.2239338046777645e-01
1.1902750035491985e+00
-1.2791016426657364e-01
1.2284546032051299e-01
1.3924914913061168e+00
-1.2784586826662409e-01
1.2259821510044605e-01
1.3938773623752998e+00
-1.2533758526426766e-01
-1.2829781291128445e-01
8.8034185472286941e-01
4.7503700974535060e-02
4.4527952125446718e-02
8.8100480942673665e-01
-8.5898459496105625e-03
1.2538857503928055e-01
9.9843854957223666e-01
-9.5428506999035347e-03
6.1950703034343926e-02
8.4278190531615615e-01
1.2428345148155048e-01
8.7502121347874634e-02
7.1345399077107419e-01
8.5920820239399717e-02
1.2563899353008043e-01
6.8005750058319847e-01
1.2492960803816805e-01
8.0006930208511712e-02
5.7723917655480639e-01
5.1878300629723186e-02
4.5125896295472208e-02
7.7591470107430671e-01
3.9192330814446917e-02
1.2579483989472148e-01
5.4791289672748089e-01
-1.2631101448135356e-02
6.0882074281768353e-02
6.6426220292087335e-01
7.4991028718275827e-04
1.2522959885543480e-01
8.5706648255731743e-01
8.0067784925907465e-02
1.2545783497842733e-01
8.8137955111790833e-01
1.2596143257420306e-01
6.7872226918220145e-03
1.1347007822736344e+00
3.3058436037244412e-02
1.2458355812908706e-01
1.2148751984181978e+00
4.8548090003508362e-02
5.0952432775655386e-02
1.2332577349588298e+00
-7.9128042144377495e-03
