Point(1) = {2, 2, 0.942362};
Point(2) = {0.968513, 2, 0.967842};
Point(3) = {2, 1.12471, 1.06869};

Point(11) = {2.5, 2.5, 1.44236};
Point(12) = {1.58826, 2.5, 0.5};
Point(13) = {2.5, 1.62471, 1.56869};

Point(21) = {1.94768, 2.15495, 0.92129};
Point(22) = {1.94768, 2.5, 0.871489};

Line(101) = {1, 2};
Line(102) = {2, 3};
Line(103) = {3, 1};

Line(111) = {11, 12};
Line(112) = {12, 13};
Line(113) = {13, 11};
Line(114) = {21, 22};
